1.2
2.35
3.34
5.15
7.22
9.23
11.46
14.19
18.49
22.11
25.55
29.53
34.54
39.75
44.49
49.15
55.14
59.89
65.06
70.94
76.11
80.97
87.11
93.67
99.77
115.34
132.72
147.73
160.8
171.1
177.2
183
185.1
182.9
177.9
170.1
159.9
146.32
132.71
116.77
101.15
85.39
69.4
54.22
42.21
30.39
21.53
15.97
13
12.66
14.82
20.28
28.92
39.16
51.19
65.26
80.11
94.31
109.14
124.79
137.45
149.2
160
166.8
171.3
173.9
172.5
168.5
162.1
152.8
143.63
129.99
117.39
103.06
89.66
74.59
62.79
51.15
40.41
32.73
28.08
24.74
22.84
23.83
29
34.82
44.65
55.72
66.15
79.9
93.14
105.98
118.96
131.16
141.98
150.42
157.8
161.9
164.1
163.9
160.6
155.2
147.64
138.72
129.11
116.94
103.92
91.47
79.75
67.58
58.04
48.93
41.62
31.38
31.18
32.68
35.74
41.18
48.4
58.26
67.49
79.96
91.19
102.09
113.37
121.93
133.07
139.99
146.79
151.89
154.79
154.79
152.22
148.86
142.84
135.38
126.28
116.23
104.45
94.36
84.2
72.69
64.15
55.2
49.43
43.81
39.98
37.73
39.85
42.81
45.82
52.7
60.79
70
78.49
88.11
98.36
109.19
118.64
126.95
134.83
140.01
144.45
147.04
148.31
145.6
143.5
137.85
131.74
123.68
114.19
103.02
96.02
85.02
76.5
69.01
61.2
54.99
50.54
47.3
44.65
45.18
47.35
51.59
56.32
62.97
70.88
78.36
87.6
96.04
106.81
113.38
122.17
128.18
133.99
138.26
140.18
141.04
140.44
137.54
134.48
129.12
122.59
114.88
106.38
98.87
89.23
81.1
72.1
66.88
62.25
57.11
53.21
51.47
52.4
53.65
56.69
61.02
65.87
72.71
79.27
88.17
95.33
104.04
110.58
117.57
123.51
128.59
132.23
135.05
136.69
135.36
133.5
130.55
125.84
120.17
114.07
106.32
100.07
92.76
86.01
78.35
73.01
67.19
63.32
58.88
57.81
57.16
57.86
60.55
63.67
69.33
72.33
79.46
86.71
93.25
101.3
108.18
114.25
120
124.63
127.25
128.72
132.09
130.36
128.85
125.42
122.24
117.72
112.43
106.46
100.12
93.79
86.66
81.53
75.55
70.55
66.52
63.73
63.27
63.6
64.15
65.35
67.92
70.26
74.32
80.2
84.55
91.84
97.84
105.51
110.62
116.33
119.02
123.2
125.36
126.52
126.34
124.27
122.76
118.02
113.95
107.83
102.39
97.44
91.26
86.06
80.84
75.97
71.91
69.42
67.12
