0.46
1.28
1.46
2.34
3.74
5.48
7.59
9.86
12.66
16.13
19.22
22.8
26.67
31.23
35.52
40.93
44.82
50.02
55.74
59.77
65.68
71.62
77.17
83.38
89.71
108.04
125.7
140.97
155.96
169
177.5
183
187
186.5
184
176.5
168
158.5
142.38
127.81
113.74
95.19
78.44
63.5
47.54
36.82
25.01
17.81
13.06
11.72
13.46
18.05
23.98
33.55
44.15
58.21
73.09
88.08
103.44
121.57
136.25
149.12
156.5
161.5
169.5
174
175.5
175
172
165.5
154.5
143.47
129.94
116.04
101.03
87.11
71.94
57.46
46.07
35.79
28.9
23.96
21.89
22.99
25.37
31.39
38.76
50.22
62.61
74.83
85.98
100.19
114.71
127.33
138.99
148.88
157.5
160.5
165.5
166.5
164.5
160
155.5
146.19
135.52
123.77
111.56
99.18
86.06
74.93
63.21
52.07
43.97
37.08
33.42
31.76
30.41
34.84
37.89
44.9
51.89
63.43
73.72
83.85
97.67
109.29
122.12
131.23
139.36
147.85
154
157.5
157
152.77
147.17
139.62
131.87
121.62
112.33
102
90.23
78.46
67.85
58.83
51.38
44.85
41.53
38.99
38.49
